[IID]
DataDistribution = 5800, 5800, 5800, 5800, 5800, 5800, 5800, 5800, 5800, 5800, 5800, 5800
ShuffleWeight = 0.5

[NONIID]
DataDistribution = 1000, 3000, 18000, 4000, 8000, 3000, 17000, 4000, 3000, 2000, 4000, 3000
ShuffleWeight = 0.8

[LARGE-ST]
DataDistribution = 1400, 1400, 1400, 1400, 1400, 1400, 1400, 1400, 1400, 1400, 1400, 1400, 1400, 1400, 1400, 1400, 1400, 1400, 1400, 1400, 1400, 1400, 1400, 1400, 1400, 1400, 1400, 1400, 1400, 1400, 1400, 1400, 1400, 1400, 1400, 1400, 1400, 1400, 1400, 1400, 1400, 1400, 1400, 1400, 1400, 1400, 1400, 1400, 1400, 1400
ShuffleWeight = 0.5

[MEDIUM-IID]
DataDistribution = 2800, 2800, 2800, 2800, 2800, 2800, 2800, 2800, 2800, 2800, 2800, 2800, 2800, 2800, 2800, 2800, 2800, 2800, 2800, 2800, 2800, 2800, 2800, 2800, 2800